image: douga.pgm
resolution: 0.050000
origin: [-6.222296, -14.637760, 0.000000]
negate: 0
occupied_thresh: 0.65
free_thresh: 0.196

